% order = 16;
function Df = DF_fourier_sym(in1,params)
%JACF_FOURIER
%    DF = JACF_FOURIER(IN1,MU,NU,BIGL)

%    This function was generated by the Symbolic Math Toolbox version 8.7.
%    24-Jun-2021 08:31:23

mu = params.mu;
nu = params.nu; 
bigL = params.L;

a1 = in1(:,1);
a2 = in1(:,2);
a3 = in1(:,3);
a4 = in1(:,4);
a5 = in1(:,5);
a6 = in1(:,6);
a7 = in1(:,7);
a8 = in1(:,8);
a9 = in1(:,9);
a10 = in1(:,10);
a11 = in1(:,11);
a12 = in1(:,12);
a13 = in1(:,13);
a14 = in1(:,14);
a15 = in1(:,15);
a16 = in1(:,16);
mt1 = [-mu+a1.*nu.*2.0-a1.^2.*3.0-a2.^2.*6.0-a3.^2.*6.0-a4.^2.*6.0-a5.^2.*6.0-a6.^2.*6.0-a7.^2.*6.0-a8.^2.*6.0-a9.^2.*6.0-a10.^2.*6.0-a11.^2.*6.0-a12.^2.*6.0-a13.^2.*6.0-a14.^2.*6.0-a15.^2.*6.0-a16.^2.*6.0-1.0,a1.*a2.*-6.0-a2.*a3.*6.0-a3.*a4.*6.0-a4.*a5.*6.0-a5.*a6.*6.0-a6.*a7.*6.0-a7.*a8.*6.0-a8.*a9.*6.0-a9.*a10.*6.0-a10.*a11.*6.0-a11.*a12.*6.0-a12.*a13.*6.0-a13.*a14.*6.0-a14.*a15.*6.0-a15.*a16.*6.0+a2.*nu.*2.0];
mt2 = [a1.*a3.*-6.0-a2.*a4.*6.0-a3.*a5.*6.0-a4.*a6.*6.0-a5.*a7.*6.0-a6.*a8.*6.0-a7.*a9.*6.0-a8.*a10.*6.0-a9.*a11.*6.0-a10.*a12.*6.0-a11.*a13.*6.0-a12.*a14.*6.0-a13.*a15.*6.0-a14.*a16.*6.0+a3.*nu.*2.0-a2.^2.*3.0,a1.*a4.*-6.0-a2.*a3.*6.0-a2.*a5.*6.0-a3.*a6.*6.0-a4.*a7.*6.0-a5.*a8.*6.0-a6.*a9.*6.0-a7.*a10.*6.0-a8.*a11.*6.0-a9.*a12.*6.0-a10.*a13.*6.0-a11.*a14.*6.0-a12.*a15.*6.0-a13.*a16.*6.0+a4.*nu.*2.0];
mt3 = [a1.*a5.*-6.0-a2.*a4.*6.0-a2.*a6.*6.0-a3.*a7.*6.0-a4.*a8.*6.0-a5.*a9.*6.0-a6.*a10.*6.0-a7.*a11.*6.0-a8.*a12.*6.0-a9.*a13.*6.0-a10.*a14.*6.0-a11.*a15.*6.0-a12.*a16.*6.0+a5.*nu.*2.0-a3.^2.*3.0,a1.*a6.*-6.0-a2.*a5.*6.0-a3.*a4.*6.0-a2.*a7.*6.0-a3.*a8.*6.0-a4.*a9.*6.0-a5.*a10.*6.0-a6.*a11.*6.0-a7.*a12.*6.0-a8.*a13.*6.0-a9.*a14.*6.0-a10.*a15.*6.0-a11.*a16.*6.0+a6.*nu.*2.0];
mt4 = [a1.*a7.*-6.0-a2.*a6.*6.0-a3.*a5.*6.0-a2.*a8.*6.0-a3.*a9.*6.0-a4.*a10.*6.0-a5.*a11.*6.0-a6.*a12.*6.0-a7.*a13.*6.0-a8.*a14.*6.0-a9.*a15.*6.0-a10.*a16.*6.0+a7.*nu.*2.0-a4.^2.*3.0,a1.*a8.*-6.0-a2.*a7.*6.0-a3.*a6.*6.0-a4.*a5.*6.0-a2.*a9.*6.0-a3.*a10.*6.0-a4.*a11.*6.0-a5.*a12.*6.0-a6.*a13.*6.0-a7.*a14.*6.0-a8.*a15.*6.0-a9.*a16.*6.0+a8.*nu.*2.0];
mt5 = [a1.*a9.*-6.0-a2.*a8.*6.0-a3.*a7.*6.0-a4.*a6.*6.0-a2.*a10.*6.0-a3.*a11.*6.0-a4.*a12.*6.0-a5.*a13.*6.0-a6.*a14.*6.0-a7.*a15.*6.0-a8.*a16.*6.0+a9.*nu.*2.0-a5.^2.*3.0,a1.*a10.*-6.0-a2.*a9.*6.0-a3.*a8.*6.0-a4.*a7.*6.0-a5.*a6.*6.0-a2.*a11.*6.0-a3.*a12.*6.0-a4.*a13.*6.0-a5.*a14.*6.0-a6.*a15.*6.0-a7.*a16.*6.0+a10.*nu.*2.0,a1.*a11.*-6.0-a2.*a10.*6.0-a3.*a9.*6.0-a4.*a8.*6.0-a5.*a7.*6.0-a2.*a12.*6.0-a3.*a13.*6.0-a4.*a14.*6.0-a5.*a15.*6.0-a6.*a16.*6.0+a11.*nu.*2.0-a6.^2.*3.0];
mt6 = [a1.*a12.*-6.0-a2.*a11.*6.0-a3.*a10.*6.0-a4.*a9.*6.0-a5.*a8.*6.0-a6.*a7.*6.0-a2.*a13.*6.0-a3.*a14.*6.0-a4.*a15.*6.0-a5.*a16.*6.0+a12.*nu.*2.0,a1.*a13.*-6.0-a2.*a12.*6.0-a3.*a11.*6.0-a4.*a10.*6.0-a5.*a9.*6.0-a6.*a8.*6.0-a2.*a14.*6.0-a3.*a15.*6.0-a4.*a16.*6.0+a13.*nu.*2.0-a7.^2.*3.0,a1.*a14.*-6.0-a2.*a13.*6.0-a3.*a12.*6.0-a4.*a11.*6.0-a5.*a10.*6.0-a6.*a9.*6.0-a7.*a8.*6.0-a2.*a15.*6.0-a3.*a16.*6.0+a14.*nu.*2.0];
mt7 = [a1.*a15.*-6.0-a2.*a14.*6.0-a3.*a13.*6.0-a4.*a12.*6.0-a5.*a11.*6.0-a6.*a10.*6.0-a7.*a9.*6.0-a2.*a16.*6.0+a15.*nu.*2.0-a8.^2.*3.0,a1.*a16.*-6.0-a2.*a15.*6.0-a3.*a14.*6.0-a4.*a13.*6.0-a5.*a12.*6.0-a6.*a11.*6.0-a7.*a10.*6.0-a8.*a9.*6.0+a16.*nu.*2.0,a1.*a2.*-1.2e+1-a2.*a3.*1.2e+1-a3.*a4.*1.2e+1-a4.*a5.*1.2e+1-a5.*a6.*1.2e+1-a6.*a7.*1.2e+1-a7.*a8.*1.2e+1-a8.*a9.*1.2e+1-a9.*a10.*1.2e+1-a10.*a11.*1.2e+1-a11.*a12.*1.2e+1-a12.*a13.*1.2e+1-a13.*a14.*1.2e+1-a14.*a15.*1.2e+1-a15.*a16.*1.2e+1+a2.*nu.*4.0];
mt8 = [-mu-a1.*a3.*6.0-a2.*a4.*6.0-a3.*a5.*6.0-a4.*a6.*6.0-a5.*a7.*6.0-a6.*a8.*6.0-a7.*a9.*6.0-a8.*a10.*6.0-a9.*a11.*6.0-a10.*a12.*6.0-a11.*a13.*6.0-a12.*a14.*6.0-a13.*a15.*6.0-a14.*a16.*6.0+nu.*(a1.*2.0+a3.*2.0)-a1.^2.*3.0-a2.^2.*9.0-a3.^2.*6.0-a4.^2.*6.0-a5.^2.*6.0-a6.^2.*6.0-a7.^2.*6.0-a8.^2.*6.0-a9.^2.*6.0-a10.^2.*6.0-a11.^2.*6.0-a12.^2.*6.0-a13.^2.*6.0-a14.^2.*6.0-a15.^2.*6.0-a16.^2.*6.0+bigL.^2.*2.0-bigL.^4-1.0];
mt9 = [a1.*a2.*-6.0-a1.*a4.*6.0-a2.*a3.*1.2e+1-a2.*a5.*6.0-a3.*a4.*6.0-a3.*a6.*6.0-a4.*a5.*6.0-a4.*a7.*6.0-a5.*a6.*6.0-a5.*a8.*6.0-a6.*a7.*6.0-a6.*a9.*6.0-a7.*a8.*6.0-a7.*a10.*6.0-a8.*a9.*6.0-a8.*a11.*6.0-a9.*a10.*6.0-a9.*a12.*6.0-a10.*a11.*6.0-a10.*a13.*6.0-a11.*a12.*6.0-a11.*a14.*6.0-a12.*a13.*6.0-a12.*a15.*6.0-a13.*a14.*6.0-a13.*a16.*6.0-a14.*a15.*6.0-a15.*a16.*6.0+nu.*(a2.*2.0+a4.*2.0)];
mt10 = [a1.*a3.*-6.0-a1.*a5.*6.0-a2.*a4.*1.2e+1-a2.*a6.*6.0-a3.*a5.*6.0-a3.*a7.*6.0-a4.*a6.*6.0-a4.*a8.*6.0-a5.*a7.*6.0-a5.*a9.*6.0-a6.*a8.*6.0-a6.*a10.*6.0-a7.*a9.*6.0-a7.*a11.*6.0-a8.*a10.*6.0-a8.*a12.*6.0-a9.*a11.*6.0-a9.*a13.*6.0-a10.*a12.*6.0-a10.*a14.*6.0-a11.*a13.*6.0-a11.*a15.*6.0-a12.*a14.*6.0-a12.*a16.*6.0-a13.*a15.*6.0-a14.*a16.*6.0+nu.*(a3.*2.0+a5.*2.0)-a2.^2.*3.0-a3.^2.*3.0];
mt11 = [a1.*a4.*-6.0-a2.*a3.*6.0-a1.*a6.*6.0-a2.*a5.*1.2e+1-a3.*a4.*6.0-a2.*a7.*6.0-a3.*a6.*6.0-a3.*a8.*6.0-a4.*a7.*6.0-a4.*a9.*6.0-a5.*a8.*6.0-a5.*a10.*6.0-a6.*a9.*6.0-a6.*a11.*6.0-a7.*a10.*6.0-a7.*a12.*6.0-a8.*a11.*6.0-a8.*a13.*6.0-a9.*a12.*6.0-a9.*a14.*6.0-a10.*a13.*6.0-a10.*a15.*6.0-a11.*a14.*6.0-a11.*a16.*6.0-a12.*a15.*6.0-a13.*a16.*6.0+nu.*(a4.*2.0+a6.*2.0)];
mt12 = [a1.*a5.*-6.0-a2.*a4.*6.0-a1.*a7.*6.0-a2.*a6.*1.2e+1-a3.*a5.*6.0-a2.*a8.*6.0-a3.*a7.*6.0-a3.*a9.*6.0-a4.*a8.*6.0-a4.*a10.*6.0-a5.*a9.*6.0-a5.*a11.*6.0-a6.*a10.*6.0-a6.*a12.*6.0-a7.*a11.*6.0-a7.*a13.*6.0-a8.*a12.*6.0-a8.*a14.*6.0-a9.*a13.*6.0-a9.*a15.*6.0-a10.*a14.*6.0-a10.*a16.*6.0-a11.*a15.*6.0-a12.*a16.*6.0+nu.*(a5.*2.0+a7.*2.0)-a3.^2.*3.0-a4.^2.*3.0];
mt13 = [a1.*a6.*-6.0-a2.*a5.*6.0-a3.*a4.*6.0-a1.*a8.*6.0-a2.*a7.*1.2e+1-a3.*a6.*6.0-a4.*a5.*6.0-a2.*a9.*6.0-a3.*a8.*6.0-a3.*a10.*6.0-a4.*a9.*6.0-a4.*a11.*6.0-a5.*a10.*6.0-a5.*a12.*6.0-a6.*a11.*6.0-a6.*a13.*6.0-a7.*a12.*6.0-a7.*a14.*6.0-a8.*a13.*6.0-a8.*a15.*6.0-a9.*a14.*6.0-a9.*a16.*6.0-a10.*a15.*6.0-a11.*a16.*6.0+nu.*(a6.*2.0+a8.*2.0)];
mt14 = [a1.*a7.*-6.0-a2.*a6.*6.0-a3.*a5.*6.0-a1.*a9.*6.0-a2.*a8.*1.2e+1-a3.*a7.*6.0-a4.*a6.*6.0-a2.*a10.*6.0-a3.*a9.*6.0-a3.*a11.*6.0-a4.*a10.*6.0-a4.*a12.*6.0-a5.*a11.*6.0-a5.*a13.*6.0-a6.*a12.*6.0-a6.*a14.*6.0-a7.*a13.*6.0-a7.*a15.*6.0-a8.*a14.*6.0-a8.*a16.*6.0-a9.*a15.*6.0-a10.*a16.*6.0+nu.*(a7.*2.0+a9.*2.0)-a4.^2.*3.0-a5.^2.*3.0];
mt15 = [a1.*a8.*-6.0-a2.*a7.*6.0-a3.*a6.*6.0-a4.*a5.*6.0-a1.*a10.*6.0-a2.*a9.*1.2e+1-a3.*a8.*6.0-a4.*a7.*6.0-a5.*a6.*6.0-a2.*a11.*6.0-a3.*a10.*6.0-a3.*a12.*6.0-a4.*a11.*6.0-a4.*a13.*6.0-a5.*a12.*6.0-a5.*a14.*6.0-a6.*a13.*6.0-a6.*a15.*6.0-a7.*a14.*6.0-a7.*a16.*6.0-a8.*a15.*6.0-a9.*a16.*6.0+nu.*(a8.*2.0+a10.*2.0)];
mt16 = [a1.*a9.*-6.0-a2.*a8.*6.0-a3.*a7.*6.0-a4.*a6.*6.0-a1.*a11.*6.0-a2.*a10.*1.2e+1-a3.*a9.*6.0-a4.*a8.*6.0-a5.*a7.*6.0-a2.*a12.*6.0-a3.*a11.*6.0-a3.*a13.*6.0-a4.*a12.*6.0-a4.*a14.*6.0-a5.*a13.*6.0-a5.*a15.*6.0-a6.*a14.*6.0-a6.*a16.*6.0-a7.*a15.*6.0-a8.*a16.*6.0+nu.*(a9.*2.0+a11.*2.0)-a5.^2.*3.0-a6.^2.*3.0];
mt17 = [a1.*a10.*-6.0-a2.*a9.*6.0-a3.*a8.*6.0-a4.*a7.*6.0-a5.*a6.*6.0-a1.*a12.*6.0-a2.*a11.*1.2e+1-a3.*a10.*6.0-a4.*a9.*6.0-a5.*a8.*6.0-a6.*a7.*6.0-a2.*a13.*6.0-a3.*a12.*6.0-a3.*a14.*6.0-a4.*a13.*6.0-a4.*a15.*6.0-a5.*a14.*6.0-a5.*a16.*6.0-a6.*a15.*6.0-a7.*a16.*6.0+nu.*(a10.*2.0+a12.*2.0)];
mt18 = [a1.*a11.*-6.0-a2.*a10.*6.0-a3.*a9.*6.0-a4.*a8.*6.0-a5.*a7.*6.0-a1.*a13.*6.0-a2.*a12.*1.2e+1-a3.*a11.*6.0-a4.*a10.*6.0-a5.*a9.*6.0-a6.*a8.*6.0-a2.*a14.*6.0-a3.*a13.*6.0-a3.*a15.*6.0-a4.*a14.*6.0-a4.*a16.*6.0-a5.*a15.*6.0-a6.*a16.*6.0+nu.*(a11.*2.0+a13.*2.0)-a6.^2.*3.0-a7.^2.*3.0];
mt19 = [a1.*a12.*-6.0-a2.*a11.*6.0-a3.*a10.*6.0-a4.*a9.*6.0-a5.*a8.*6.0-a6.*a7.*6.0-a1.*a14.*6.0-a2.*a13.*1.2e+1-a3.*a12.*6.0-a4.*a11.*6.0-a5.*a10.*6.0-a6.*a9.*6.0-a7.*a8.*6.0-a2.*a15.*6.0-a3.*a14.*6.0-a3.*a16.*6.0-a4.*a15.*6.0-a5.*a16.*6.0+nu.*(a12.*2.0+a14.*2.0)];
